Iteration	CPUTime	PhysTime	Travels	Value	AvValue	MinValue	MaxValue	Delta	Criteria	Progress	dGMaxMin	CriteriaType	CriteriaVarType	CriteriaPercentage
1	10	0	0.00671068798	0.118853376	0.118853376	0.118853376	0.118853376	0	0	0	0	17.0825	0	0	3
2	13	0	0.013421376	0.117885883	0.118369629	0.117885883	0.118853376	0.000483746392	0	0	0	15.9892	0	0	3
3	17	0	0.0201320639	0.12215928	0.119632846	0.117885883	0.12215928	0.0012632168	0	0	0	15.4374	0	0	3
4	20	0	0.0268427519	0.11948283	0.119595342	0.117885883	0.12215928	0.0012632168	0	0	0	15.5196	0	0	3
5	24	0	0.0335534399	0.124153672	0.120507008	0.117885883	0.124153672	0.00213737872	0	0	0	15.6976	0	0	3
6	28	0	0.0402641279	0.121996097	0.120755189	0.117885883	0.124153672	0.00238556024	0	0	0	16.2549	0	0	3
7	31	0	0.0469748158	0.139407362	0.123419786	0.117885883	0.139407362	0.00505015637	0	0	0	16.7707	0	0	3
8	34	0	0.0536855038	0.139778063	0.12546457	0.117885883	0.139778063	0.00709494108	0	0	0	17.2615	0	0	3
9	38	0	0.0603961918	0.163080818	0.129644153	0.117885883	0.163080818	0.0112745242	0	0	0	17.6825	0	0	3
10	41	0	0.0671068798	0.168472344	0.133526972	0.117885883	0.168472344	0.0151573433	0	0	0	18.048	0	0	3
11	44	0	0.0738175678	0.20607762	0.140122486	0.117885883	0.20607762	0.0217528567	0	0	0	18.3728	0	0	3
12	48	0	0.0805282557	0.220352032	0.146808281	0.117885883	0.220352032	0.0284386522	0	0	0	18.5618	0	0	3
13	51	0	0.0872389437	0.254939842	0.155126094	0.117885883	0.254939842	0.0367564645	0	0	0	18.653	0	0	3
14	55	0	0.0939496317	0.272926287	0.163540393	0.117885883	0.272926287	0.045170764	0	0	0	18.6581	0	0	3
15	58	0	0.10066032	0.306126861	0.173046158	0.117885883	0.306126861	0.0546765286	0	0	0	18.6696	0	0	3
16	61	0	0.107371008	0.338040284	0.183358291	0.117885883	0.338040284	0.0649886614	0	0	0	18.6411	0	0	3
17	65	0	0.114081696	0.379229584	0.194880131	0.117885883	0.379229584	0.0765105022	0	0	0	18.5423	0	0	3
18	68	0	0.120792384	0.401801004	0.206375735	0.117885883	0.401801004	0.0880061063	0	0	0	18.4219	0	0	3
19	71	0	0.127503072	0.437648821	0.218548003	0.117885883	0.437648821	0.100178374	0	0	0	18.3314	0	0	3
20	75	0	0.13421376	0.458134741	0.23052734	0.117885883	0.458134741	0.112157711	0	0	0	18.3012	0	0	3
21	78	0	0.140924448	0.503435465	0.243522965	0.117885883	0.503435465	0.125153336	0	0	0	18.3028	0	0	3
22	82	0	0.147635136	0.53074949	0.256578716	0.117885883	0.53074949	0.138209087	0	0	0	18.319	0	0	3
23	85	0	0.154345823	0.56371443	0.269932443	0.117885883	0.56371443	0.151562814	0	0	0	18.426	0	0	3
24	89	0	0.161056511	0.583523915	0.282998754	0.117885883	0.583523915	0.164629125	0	0	0	18.3432	0	0	3
25	92	0	0.167767199	0.606906422	0.295955061	0.117885883	0.606906422	0.177585432	0	0	0	18.3812	0	0	3
26	95	0	0.174477887	0.629415936	0.308780479	0.117885883	0.629415936	0.19041085	0	0	0	18.6152	0	0	3
27	99	0	0.181188575	0.654026769	0.321567379	0.117885883	0.654026769	0.20319775	0	0	0	18.5591	0	0	3
28	102	0	0.187899263	0.669471826	0.333992538	0.117885883	0.669471826	0.215622908	0	0	0	18.6732	0	0	3
29	106	0	0.194609951	0.690200997	0.346275588	0.117885883	0.690200997	0.227905959	0	0	0	18.618	0	0	3
30	109	0	0.201320639	0.703446516	0.358181286	0.117885883	0.703446516	0.239811656	0	0	0	18.5338	0	0	3
31	112	0	0.208031327	0.729539154	0.370160572	0.117885883	0.729539154	0.251790942	0	0	0	18.8809	0	0	3
32	116	0	0.214742015	0.750225458	0.382037599	0.117885883	0.750225458	0.26366797	0	0	0	18.8273	0	0	3
33	119	0	0.221452703	0.77342194	0.393897731	0.117885883	0.77342194	0.275528102	0	0	0	18.8678	0	0	3
34	123	0	0.228163391	0.79422251	0.405671989	0.117885883	0.79422251	0.28730236	0	0	0	18.7962	0	0	3
35	126	0	0.234874079	0.816539135	0.41741105	0.117885883	0.816539135	0.299041421	0	0	0	19.1094	0	0	3
36	129	0	0.241584767	0.848950916	0.429398269	0.117885883	0.848950916	0.31102864	0	0	0	18.8505	0	0	3
37	133	0	0.248295455	0.880054922	0.441578178	0.117885883	0.880054922	0.323208549	0	0	0	18.9394	0	0	3
38	136	0	0.255006143	0.909996313	0.453904971	0.117885883	0.909996313	0.335535342	0	0	0	19.0793	0	0	3
39	140	0	0.261716831	0.938780363	0.466337674	0.117885883	0.938780363	0.347968045	0	0	0	19.0016	0	0	3
40	143	0	0.268427519	0.967094104	0.478856585	0.117885883	0.967094104	0.360486955	0	0	0	19.0929	0	0	3
41	146	0	0.275138207	1.00672171	0.491731344	0.117885883	1.00672171	0.373361714	0	0	0	18.9124	0	0	3
42	150	0	0.281848895	1.04545745	0.504915299	0.117885883	1.04545745	0.386545669	0	0	0	18.909	0	0	3
43	154	0	0.288559583	1.08311318	0.518361761	0.117885883	1.08311318	0.399992132	0	0	0	19.2548	0	0	3
44	157	0	0.295270271	1.12018134	0.532039479	0.117885883	1.12018134	0.41366985	0	0	0	18.9096	0	0	3
45	161	0	0.301980959	1.15535092	0.545890844	0.117885883	1.15535092	0.427521215	0	0	0	19.1633	0	0	3
46	165	0	0.308691647	1.1899495	0.559892119	0.117885883	1.1899495	0.44152249	0	0	0	19.1523	0	0	3
47	168	0	0.315402335	1.22294014	0.573999524	0.117885883	1.22294014	0.455629895	0	0	0	19.151	0	0	3
48	172	0	0.322113023	1.2537903	0.588161832	0.117885883	1.2537903	0.469792203	0	0	0	19.2862	0	0	3
49	176	0	0.328823711	1.2802319	0.602285711	0.117885883	1.2802319	0.483916082	0	0	0	19.0853	0	0	3
50	179	0	0.335534399	1.30467454	0.616333487	0.117885883	1.30467454	0.497963858	0	0	0	19.1565	0	0	3
51	183	0	0.342245087	1.32319667	0.63019355	0.117885883	1.32319667	0.511823921	0	0	0	19.4065	0	0	3
52	186	0	0.348955775	1.33645123	0.643775428	0.117885883	1.33645123	0.525405799	0	0	0	18.8688	0	0	3
53	190	0	0.355666463	1.34458217	0.656998197	0.117885883	1.34458217	0.538628568	0	0	0	19.4095	0	0	3
54	193	0	0.362377151	1.34879828	0.66980931	0.117885883	1.34879828	0.551439681	0	0	0	19.0483	0	0	3
55	197	0	0.369087839	1.35108347	0.682196113	0.117885883	1.35108347	0.563826483	0	0	0	19.0979	0	0	3
56	201	0	0.375798527	1.35229941	0.694162243	0.117885883	1.35229941	0.575792614	0	0	0	19.3399	0	0	3
57	204	0	0.382509215	1.35083326	0.705682787	0.117885883	1.35229941	0.587313158	0	0	0	19.1719	0	0	3
58	208	0	0.389219903	1.35132841	0.716814608	0.117885883	1.35229941	0.598444979	0	0	0	18.9781	0	0	3
59	211	0	0.395930591	1.35327507	0.727602074	0.117885883	1.35327507	0.609232445	0	0	0	19.7669	0	0	3
60	215	0	0.402641279	1.35550913	0.738067191	0.117885883	1.35550913	0.619697562	0	0	0	18.8417	0	0	3
61	218	0	0.409351967	1.36018385	0.748265825	0.117885883	1.36018385	0.629896196	0	0	0	19.0406	0	0	3
62	222	0	0.416062655	1.36660913	0.758239104	0.117885883	1.36660913	0.639869475	0	0	0	18.8255	0	0	3
63	225	0	0.422773343	1.37340754	0.768003683	0.117885883	1.37340754	0.649634054	0	0	0	18.6692	0	0	3
64	229	0	0.429484031	1.38200657	0.777597478	0.117885883	1.38200657	0.659227849	0	0	0	18.76	0	0	3
65	232	0	0.436194719	1.39089716	0.787032858	0.117885883	1.39089716	0.668663228	0	0	0	19.3218	0	0	3
66	235	0	0.442905407	1.39809563	0.796291384	0.117885883	1.39809563	0.677921755	0	0	0	18.8084	0	0	3
67	239	0	0.449616094	1.40572213	0.805387366	0.117885883	1.40572213	0.687017737	0	0	0	18.6151	0	0	3
68	243	0	0.456326782	1.41220192	0.814311109	0.117885883	1.41220192	0.69594148	0	0	0	18.8904	0	0	3
69	246	0	0.46303747	1.41641868	0.823037306	0.117885883	1.41641868	0.704667677	0	0	0	18.6358	0	0	3
70	250	0	0.469748158	1.41990945	0.831564051	0.117885883	1.41990945	0.713194422	0	0	0	18.7113	0	0	3
71	253	0	0.476458846	1.42262834	0.8398889	0.117885883	1.42262834	0.721519271	0	0	0	18.8699	0	0	3
72	256	0	0.483169534	1.4248216	0.848012965	0.117885883	1.4248216	0.729643336	0	0	0	18.5021	0	0	3
73	260	0	0.489880222	1.42754354	0.85595174	0.117885883	1.42754354	0.737582111	0	0	0	18.667	0	0	3
74	263	0	0.49659091	1.43107597	0.863723689	0.117885883	1.43107597	0.74535406	0	0	0	18.9888	0	0	3
75	266	0	0.503301598	1.43482171	0.87133833	0.117885883	1.43482171	0.7529687	0	0	0	18.6279	0	0	3
76	270	0	0.510012286	1.4386413	0.888935502	0.117885883	1.4386413	0.770565873	0	0	0	18.886	0	0	3
77	273	0	0.516722974	1.44302923	0.90660408	0.11948283	1.44302923	0.787008738	0	0	0	18.8524	0	0	3
78	277	0	0.523433662	1.44648731	0.924261787	0.11948283	1.44648731	0.804666445	0	0	0	18.6292	0	0	3
79	280	0	0.53014435	1.45024046	0.942005222	0.121996097	1.45024046	0.821498214	0	0	0	18.7421	0	0	3
80	283	0	0.536855038	1.45398796	0.959736346	0.121996097	1.45398796	0.838981156	0	0	0	18.7464	0	0	3
81	287	0	0.543565726	1.45685766	0.9775345	0.139407362	1.45685766	0.854114714	0	0	0	18.6993	0	0	3
82	290	0	0.550276414	1.45969128	0.995138286	0.139778063	1.45969128	0.869673715	0	0	0	18.4819	0	0	3
83	293	0	0.556987102	1.46215166	1.01276993	0.163080818	1.46215166	0.88312578	0	0	0	18.6924	0	0	3
84	297	0	0.56369779	1.46348306	1.03010863	0.168472344	1.46348306	0.896581658	0	0	0	18.5039	0	0	3
85	300	0	0.570408478	1.46496186	1.04739516	0.20607762	1.46496186	0.907272671	0	0	0	18.661	0	0	3
86	303	0	0.577119166	1.46626486	1.06419765	0.220352032	1.46626486	0.917389372	0	0	0	18.4912	0	0	3
87	307	0	0.583829854	1.46676751	1.08081653	0.254939842	1.46676751	0.925690433	0	0	0	18.3787	0	0	3
88	310	0	0.590540542	1.46768899	1.09698652	0.272926287	1.46768899	0.933446122	0	0	0	18.6772	0	0	3
89	313	0	0.59725123	1.46869589	1.11293011	0.306126861	1.46869589	0.939883952	0	0	0	18.4228	0	0	3
90	317	0	0.603961918	1.46932196	1.12843938	0.338040284	1.46932196	0.945081087	0	0	0	18.3099	0	0	3
91	320	0	0.610672606	1.47019181	1.14353473	0.379229584	1.47019181	0.9486546	0	0	0	18.6458	0	0	3
92	323	0	0.617383294	1.47138782	1.15809684	0.401801004	1.47138782	0.951721106	0	0	0	18.3843	0	0	3
93	327	0	0.624093982	1.47208316	1.17236727	0.437648821	1.47208316	0.953819267	0	0	0	18.2963	0	0	3
94	330	0	0.63080467	1.47315259	1.18617399	0.458134741	1.47315259	0.955646647	0	0	0	18.6167	0	0	3
95	333	0	0.637515358	1.47393746	1.19971802	0.503435465	1.47393746	0.956195058	0	0	0	18.3745	0	0	3
96	336	0	0.644226046	1.47470046	1.21266822	0.53074949	1.47470046	0.943950971	0	0	0	18.2752	0	0	3
97	340	0	0.650936734	1.47506292	1.22525907	0.56371443	1.47506292	0.91134849	0	0	0	18.6603	0	0	3
98	343	0	0.657647422	1.47585693	1.23742097	0.583523915	1.47585693	0.892333012	0	0	0	18.3446	0	0	3
99	346	0	0.66435811	1.47625121	1.249324	0.606906422	1.47625121	0.869344788	0	0	0	18.296	0	0	3
100	350	0	0.671068798	1.47657649	1.2609196	0.629415936	1.47657649	0.847160554	0	0	0	18.6005	0	0	3
101	355	0	0.677779486	1.47672187	1.27221701	0.654026769	1.47672187	0.822695102	0	0	0	18.3238	0	0	3
102	358	0	0.684490174	1.47718455	1.28319245	0.669471826	1.47718455	0.807712722	0	0	0	18.2989	0	0	3
103	361	0	0.691200862	1.47708316	1.2939606	0.690200997	1.47718455	0.78698355	0	0	0	18.6501	0	0	3
104	365	0	0.69791155	1.47706323	1.3044521	0.703446516	1.47718455	0.773738031	0	0	0	18.3528	0	0	3
105	368	0	0.704622238	1.4766959	1.31476209	0.729539154	1.47718455	0.747645394	0	0	0	18.3753	0	0	3
106	371	0	0.711332926	1.47640815	1.32472034	0.750225458	1.47718455	0.72695909	0	0	0	18.6388	0	0	3
107	374	0	0.718043614	1.47587666	1.33439569	0.77342194	1.47718455	0.703762607	0	0	0	18.4251	0	0	3
108	378	0	0.724754302	1.4756088	1.34375818	0.79422251	1.47718455	0.682962038	0	0	0	18.315	0	0	3
109	381	0	0.73146499	1.47472505	1.35283155	0.816539135	1.47718455	0.660645413	0	0	0	18.6201	0	0	3
110	384	0	0.738175678	1.47421228	1.36160053	0.848950916	1.47718455	0.628233632	0	0	0	18.4086	0	0	3
111	387	0	0.744886365	1.47361826	1.36992942	0.880054922	1.47718455	0.597129626	0	0	0	18.2984	0	0	3
112	390	0	0.751597053	1.47284211	1.37783325	0.909996313	1.47718455	0.567188235	0	0	0	18.6087	0	0	3
113	394	0	0.758307741	1.47209793	1.38532794	0.938780363	1.47718455	0.538404185	0	0	0	18.4034	0	0	3
114	397	0	0.765018429	1.47162472	1.39243253	0.967094104	1.47718455	0.510090444	0	0	0	18.2789	0	0	3
115	400	0	0.771729117	1.47064618	1.39914656	1.00672171	1.47718455	0.470462839	0	0	0	18.6295	0	0	3
116	403	0	0.778439805	1.47016412	1.40532579	1.04545745	1.47718455	0.431727095	0	0	0	18.4356	0	0	3
117	407	0	0.785150493	1.46964946	1.41098169	1.08311318	1.47718455	0.394071364	0	0	0	18.3841	0	0	3
118	410	0	0.791861181	1.46863889	1.41612203	1.12018134	1.47718455	0.357003208	0	0	0	18.6152	0	0	3
119	413	0	0.798571869	1.46779613	1.42075689	1.15535092	1.47718455	0.321833626	0	0	0	18.4295	0	0	3
120	416	0	0.805282557	1.46723196	1.42491531	1.1899495	1.47718455	0.287235045	0	0	0	18.327	0	0	3
121	420	0	0.811993245	1.46660328	1.42860402	1.22294014	1.47718455	0.254244407	0	0	0	18.6381	0	0	3
122	423	0	0.818703933	1.46574709	1.43184145	1.2537903	1.47718455	0.22339425	0	0	0	18.4748	0	0	3
123	426	0	0.825414621	1.46496909	1.43465717	1.2802319	1.47718455	0.196952648	0	0	0	18.3743	0	0	3
124	429	0	0.832125309	1.46392272	1.43710638	1.30467454	1.47718455	0.172510003	0	0	0	18.6478	0	0	3
125	433	0	0.838835997	1.46311586	1.43921893	1.32319667	1.47718455	0.153987876	0	0	0	18.5148	0	0	3
126	436	0	0.845546685	1.46248677	1.44107613	1.33645123	1.47718455	0.140733321	0	0	0	18.3987	0	0	3
127	439	0	0.852257373	1.46171602	1.44274633	1.34458217	1.47718455	0.132602375	0	0	0	18.3335	0	0	3
128	442	0	0.858968061	1.46105422	1.44429929	1.34879828	1.47718455	0.128386266	0	0	0	18.725	0	0	3
129	446	0	0.865678749	1.46056361	1.44578949	1.35083326	1.47718455	0.126351283	0	0	0	18.6334	0	0	3
130	449	0	0.872389437	1.45992618	1.44724073	1.35083326	1.47718455	0.126351283	0	0	0	18.323	0	0	3
131	452	0	0.879100125	1.45946097	1.44866955	1.35083326	1.47718455	0.126351283	0	0	0	18.5319	0	0	3
132	455	0	0.885810813	1.45913716	1.4501136	1.35132841	1.47718455	0.125856137	0	0	0	18.3115	0	0	3
133	458	0	0.892521501	1.45891563	1.4515481	1.35327507	1.47718455	0.123909473	0	0	0	18.4871	0	0	3
134	462	0	0.899232189	1.4584834	1.45295087	1.35550913	1.47718455	0.121675416	0	0	0	18.7111	0	0	3
135	465	0	0.905942877	1.45832582	1.45432176	1.36018385	1.47718455	0.117000698	0	0	0	18.5522	0	0	3
136	468	0	0.912653565	1.45825517	1.45562938	1.36660913	1.47718455	0.110575415	0	0	0	18.2799	0	0	3
137	471	0	0.919364253	1.45808946	1.45684912	1.37340754	1.47718455	0.103777004	0	0	0	18.6282	0	0	3
138	474	0	0.926074941	1.45790949	1.45797581	1.38200657	1.47718455	0.0951779754	0	0	0	18.2462	0	0	3
139	478	0	0.932785629	1.45753637	1.45898288	1.39089716	1.47718455	0.0862873902	0	0	0	18.3462	0	0	3
140	481	0	0.939496317	1.45736785	1.45986915	1.39809563	1.47718455	0.0790889213	0	0	0	18.5618	0	0	3
141	484	0	0.946207005	1.45712023	1.46065615	1.40572213	1.47718455	0.071462413	0	0	0	18.3917	0	0	3
142	487	0	0.952917693	1.45668886	1.4613357	1.41220192	1.47718455	0.0649826266	0	0	0	18.7257	0	0	3
143	491	0	0.959628381	1.45612149	1.4619213	1.41641868	1.47718455	0.0607658632	0	0	0	18.4308	0	0	3
144	494	0	0.966339069	1.45598875	1.4624489	1.41990945	1.47718455	0.0572750992	0	0	0	18.3706	0	0	3
145	497	0	0.973049757	1.4555638	1.46292429	1.42262834	1.47718455	0.0545562099	0	0	0	18.3939	0	0	3
146	500	0	0.979760445	1.45507042	1.46335685	1.4248216	1.47718455	0.0523629497	0	0	0	18.8537	0	0	3
147	504	0	0.986471133	1.45460775	1.463754	1.42754354	1.47718455	0.0496410031	0	0	0	18.6104	0	0	3
148	507	0	0.993181821	1.45403748	1.46410725	1.43107597	1.47718455	0.0461085794	0	0	0	18.3228	0	0	3
149	510	0	0.999892509	1.45361468	1.46440777	1.43482171	1.47718455	0.0423628347	0	0	0	18.5612	0	0	3
150	513	0	1.0066032	1.45312944	1.46465187	1.4386413	1.47718455	0.0385432522	0.0407310515	0	100	18.3339	0	0	3
151	516	0	1.01331388	1.45256129	1.46483747	1.44302923	1.47718455	0.0341553191	0.0407310515	0	100	18.4782	0	0	3
152	520	0	1.02002457	1.45235644	1.46496183	1.44648731	1.47718455	0.0306972365	0.0407310515	0	100	18.7452	0	0	3
153	523	0	1.02673526	1.45189024	1.46503387	1.45024046	1.47718455	0.0269440923	0.0407310515	0	100	18.5998	0	0	3
154	526	0	1.03344595	1.45166505	1.46505287	1.45166505	1.47718455	0.025519499	0.0407310515	0	100	18.3155	0	0	3
155	529	0	1.04015664	1.45154765	1.46502033	1.45154765	1.47718455	0.0256368997	0.0407310515	0	100	18.6324	0	0	3
156	533	0	1.04686732	1.45156789	1.4649498	1.45154765	1.47718455	0.0256368997	0.0407310515	0	100	18.3893	0	0	3
157	536	0	1.05357801	1.45129831	1.46483789	1.45129831	1.47718455	0.025886235	0.0407310515	0	100	18.4681	0	0	3
158	539	0	1.0602887	1.4515268	1.46469623	1.45129831	1.47718455	0.025886235	0.0407310515	0	100	18.8301	0	0	3
159	542	0	1.06699939	1.45143511	1.46453559	1.45129831	1.47718455	0.025886235	0.0407310515	0	100	18.6326	0	0	3
160	546	0	1.07371008	1.45155196	1.46435679	1.45129831	1.47718455	0.025886235	0.0407310515	0	100	18.3325	0	0	3
161	549	0	1.08042076	1.45187186	1.46416488	1.45129831	1.47718455	0.025886235	0.0407310515	0	100	18.5827	0	0	3
162	552	0	1.08713145	1.45197762	1.46396768	1.45129831	1.47718455	0.025886235	0.0407310515	0	100	18.4213	0	0	3
163	555	0	1.09384214	1.4521023	1.46375986	1.45129831	1.47718455	0.025886235	0.0407310515	0	100	18.4748	0	0	3
164	558	0	1.10055283	1.45253708	1.46354441	1.45129831	1.47718455	0.025886235	0.0407310515	0	100	18.643	0	0	3
165	562	0	1.10726352	1.45281948	1.46332438	1.45129831	1.47718455	0.025886235	0.0407310515	0	100	18.5337	0	0	3
166	565	0	1.1139742	1.45319996	1.46309782	1.45129831	1.47718455	0.025886235	0.0407310515	0	100	18.3505	0	0	3
167	568	0	1.12068489	1.453647	1.46286128	1.45129831	1.47718455	0.025886235	0.0407310515	0	100	18.5922	0	0	3
168	571	0	1.12739558	1.45410905	1.46262162	1.45129831	1.47718455	0.025886235	0.0407310515	0	100	18.2485	0	0	3
169	575	0	1.13410627	1.45440375	1.46237164	1.45129831	1.47718455	0.025886235	0.0407310515	0	100	18.3601	0	0	3
170	578	0	1.14081696	1.45487212	1.46211743	1.45129831	1.47718455	0.025886235	0.0407310515	0	100	18.5816	0	0	3
171	581	0	1.14752764	1.45531075	1.4618589	1.45129831	1.47718455	0.025886235	0.0407310515	0	100	18.2322	0	0	3
172	584	0	1.15423833	1.45600325	1.46160477	1.45129831	1.47718455	0.025886235	0.0407310515	0	100	18.3116	0	0	3
173	588	0	1.16094902	1.45665804	1.46134879	1.45129831	1.47718455	0.025886235	0.0407310515	0	100	18.5563	0	0	3
174	591	0	1.16765971	1.45717805	1.46109448	1.45129831	1.47718455	0.025886235	0.0407310515	0	100	18.2152	0	0	3
175	594	0	1.1743704	1.45779248	1.46084403	1.45129831	1.47718455	0.025886235	0.0407310515	0	100	18.3373	0	0	3
176	597	0	1.18108108	1.45856251	1.4606019	1.45129831	1.47718455	0.025886235	0.0407310515	0	100	18.5625	0	0	3
177	600	0	1.18779177	1.45917854	1.46036182	1.45129831	1.47708316	0.0257848431	0.0407310515	0	100	18.2377	0	0	3
178	604	0	1.19450246	1.45984345	1.46013196	1.45129831	1.47706323	0.0257649158	0.0407310515	0	100	18.3257	0	0	3
179	607	0	1.20121315	1.46021348	1.45990729	1.45129831	1.4766959	0.0253975916	0.0407310515	0	100	18.6083	0	0	3
180	610	0	1.20792384	1.4607398	1.45969455	1.45129831	1.47640815	0.025109835	0.0407310515	0	100	18.2118	0	0	3
181	613	0	1.21463452	1.46122488	1.4594921	1.45129831	1.47587666	0.0245783453	0.0407310515	0	100	18.3045	0	0	3
182	617	0	1.22134521	1.46150588	1.45930049	1.45129831	1.4756088	0.0243104843	0.0407310515	0	100	18.5445	0	0	3
183	620	0	1.2280559	1.46171775	1.45911528	1.45129831	1.47472505	0.0234267326	0.0407310515	0	100	18.212	0	0	3
184	623	0	1.23476659	1.46216969	1.45894787	1.45129831	1.47421228	0.0229139679	0.0407310515	0	100	18.3535	0	0	3
185	626	0	1.24147728	1.46245681	1.45879113	1.45129831	1.47361826	0.0223199496	0.0407310515	0	100	18.5615	0	0	3
186	629	0	1.24818796	1.46270462	1.45864562	1.45129831	1.47284211	0.0215437935	0.0407310515	0	100	18.2318	0	0	3
187	633	0	1.25489865	1.46279305	1.45851163	1.45129831	1.47209793	0.0207996164	0.0407310515	0	100	18.333	0	0	3
188	636	0	1.26160934	1.46312198	1.45839195	1.45129831	1.47162472	0.0203264029	0.0407310515	0	100	18.5448	0	0	3
189	639	0	1.26832003	1.46313184	1.45827871	1.45129831	1.47064618	0.0193478666	0.0407310515	0	100	18.2572	0	0	3
190	643	0	1.27503072	1.46340634	1.45818218	1.45129831	1.47016412	0.0188658091	0.0407310515	0	100	18.2922	0	0	3
191	646	0	1.2817414	1.46363727	1.45809516	1.45129831	1.46964946	0.0183511482	0.0407310515	0	100	18.5725	0	0	3
192	650	0	1.28845209	1.46375251	1.45801653	1.45129831	1.46863889	0.0173405784	0.0407310515	0	100	18.2206	0	0	3
193	654	0	1.29516278	1.4639088	1.45795346	1.45129831	1.46779613	0.0164978164	0.0407310515	0	100	18.3132	0	0	3
194	657	0	1.30187347	1.46400515	1.45790292	1.45129831	1.46723196	0.0159336478	0.0407310515	0	100	18.5611	0	0	3
195	660	0	1.30858416	1.46408466	1.45786095	1.45129831	1.46660328	0.0153049682	0.0407310515	0	100	18.2327	0	0	3
196	664	0	1.31529484	1.46419044	1.45782878	1.45129831	1.46574709	0.0144487763	0.0407310515	0	100	18.2839	0	0	3
197	667	0	1.32200553	1.46447165	1.45781178	1.45129831	1.46496909	0.0136707778	0.0407310515	0	100	18.6084	0	0	3
198	670	0	1.32871622	1.46468634	1.45780801	1.45129831	1.46468634	0.0133880284	0.0407310515	0	100	18.2318	0	0	3
199	673	0	1.33542691	1.46498107	1.45782212	1.45129831	1.46498107	0.0136827527	0.0407310515	0	100	18.3208	0	0	3
200	676	0	1.3421376	1.4650751	1.45784824	1.45129831	1.4650751	0.013776783	0.0407310515	0	100	18.5884	0	0	3
201	682	0	1.34884828	1.46514619	1.4578837	1.45129831	1.46514619	0.0138478796	0.0407310515	0	100	18.2727	0	0	3
202	685	0	1.35555897	1.46556513	1.45793502	1.45129831	1.46556513	0.0142668141	0.0407310515	0	100	18.2483	0	0	3
203	688	0	1.36226966	1.46582792	1.45799867	1.45129831	1.46582792	0.0145296073	0.0407310515	0	100	18.6312	0	0	3
204	692	0	1.36898035	1.46586051	1.4580693	1.45129831	1.46586051	0.0145621943	0.0407310515	0	100	18.2281	0	0	3
205	696	0	1.37569104	1.46616117	1.45815243	1.45129831	1.46616117	0.0148628532	0.0407310515	0	100	18.3057	0	0	3
206	700	0	1.38240172	1.46639007	1.45824482	1.45129831	1.46639007	0.014939266	0.0407310515	0	100	18.5809	0	0	3
207	704	0	1.38911241	1.46655562	1.45834373	1.45129831	1.46655562	0.0135047698	0.0407310515	0	100	18.4408	0	0	3
208	707	0	1.3958231	1.46677004	1.45844846	1.45129831	1.46677004	0.0121019921	0.0407310515	0	100	18.397	0	0	3
