Iteration	CPUTime	PhysTime	Travels	Value	AvValue	MinValue	MaxValue	Delta	Criteria	Progress	dGMaxMin	CriteriaType	CriteriaVarType	CriteriaPercentage
1	10	0	0.00671068798	17.082502	17.082502	17.082502	17.082502	0	0	0	0	17.0825	0	0	3
2	13	0	0.013421376	15.9892143	16.5358582	15.9892143	17.082502	0.546643869	0	0	0	15.9892	0	0	3
3	17	0	0.0201320639	15.4374338	16.1697167	15.4374338	17.082502	0.91278531	0	0	0	15.4374	0	0	3
4	20	0	0.0268427519	15.5195836	16.0071834	15.4374338	17.082502	1.0753186	0	0	0	15.5196	0	0	3
5	24	0	0.0335534399	15.6975799	15.9452627	15.4374338	17.082502	1.1372393	0	0	0	15.6976	0	0	3
6	28	0	0.0402641279	16.2548986	15.9968687	15.4374338	17.082502	1.1372393	0	0	0	16.2549	0	0	3
7	31	0	0.0469748158	16.7706929	16.107415	15.4374338	17.082502	1.1372393	0	0	0	16.7707	0	0	3
8	34	0	0.0536855038	17.2614526	16.2516697	15.4374338	17.2614526	1.1372393	0	0	0	17.2615	0	0	3
9	38	0	0.0603961918	17.6824644	16.4106469	15.4374338	17.6824644	1.1372393	0	0	0	17.6825	0	0	3
10	41	0	0.0671068798	18.0480459	16.5743868	15.4374338	18.0480459	1.1372393	0	0	0	18.048	0	0	3
11	44	0	0.0738175678	18.3727707	16.7378763	15.4374338	18.3727707	1.1372393	0	0	0	18.3728	0	0	3
12	48	0	0.0805282557	18.5617955	16.8898695	15.4374338	18.5617955	1.1372393	0	0	0	18.5618	0	0	3
13	51	0	0.0872389437	18.6529584	17.0254917	15.4374338	18.6529584	1.1372393	0	0	0	18.653	0	0	3
14	55	0	0.0939496317	18.6580944	17.1421062	15.4374338	18.6580944	1.19684349	0	0	0	18.6581	0	0	3
15	58	0	0.10066032	18.6696084	17.2439397	15.4374338	18.6696084	1.29867696	0	0	0	18.6696	0	0	3
16	61	0	0.107371008	18.6410714	17.3312604	15.4374338	18.6696084	1.3859977	0	0	0	18.6411	0	0	3
17	65	0	0.114081696	18.5422882	17.4024974	15.4374338	18.6696084	1.45723462	0	0	0	18.5423	0	0	3
18	68	0	0.120792384	18.4219456	17.4591334	15.4374338	18.6696084	1.51387064	0	0	0	18.4219	0	0	3
19	71	0	0.127503072	18.3314136	17.5050429	15.4374338	18.6696084	1.55978012	0	0	0	18.3314	0	0	3
20	75	0	0.13421376	18.3011975	17.5448506	15.4374338	18.6696084	1.59958785	0	0	0	18.3012	0	0	3
21	78	0	0.140924448	18.302827	17.5809447	15.4374338	18.6696084	1.63568197	0	0	0	18.3028	0	0	3
22	82	0	0.147635136	18.3190307	17.6144941	15.4374338	18.6696084	1.66923133	0	0	0	18.319	0	0	3
23	85	0	0.154345823	18.4259979	17.6497768	15.4374338	18.6696084	1.70451411	0	0	0	18.426	0	0	3
24	89	0	0.161056511	18.3432159	17.6786701	15.4374338	18.6696084	1.7334074	0	0	0	18.3432	0	0	3
25	92	0	0.167767199	18.3812402	17.7067729	15.4374338	18.6696084	1.7615102	0	0	0	18.3812	0	0	3
26	95	0	0.174477887	18.6151713	17.7417113	15.4374338	18.6696084	1.7964486	0	0	0	18.6152	0	0	3
27	99	0	0.181188575	18.5590784	17.7719842	15.4374338	18.6696084	1.82672146	0	0	0	18.5591	0	0	3
28	102	0	0.187899263	18.6731968	17.8041704	15.4374338	18.6731968	1.85890762	0	0	0	18.6732	0	0	3
29	106	0	0.194609951	18.6179775	17.8322327	15.4374338	18.6731968	1.88696994	0	0	0	18.618	0	0	3
30	109	0	0.201320639	18.533767	17.8556171	15.4374338	18.6731968	1.91035442	0	0	0	18.5338	0	0	3
31	112	0	0.208031327	18.8809461	17.8886923	15.4374338	18.8809461	1.94342954	0	0	0	18.8809	0	0	3
32	116	0	0.214742015	18.8273444	17.9180252	15.4374338	18.8809461	1.97276242	0	0	0	18.8273	0	0	3
33	119	0	0.221452703	18.8678434	17.9468075	15.4374338	18.8809461	2.0015448	0	0	0	18.8678	0	0	3
34	123	0	0.228163391	18.7962351	17.9717907	15.4374338	18.8809461	2.02652796	0	0	0	18.7962	0	0	3
35	126	0	0.234874079	19.1093689	18.0042929	15.4374338	19.1093689	2.0590302	0	0	0	19.1094	0	0	3
36	129	0	0.241584767	18.8505186	18.0277992	15.4374338	19.1093689	2.08253647	0	0	0	18.8505	0	0	3
37	133	0	0.248295455	18.9393874	18.0524367	15.4374338	19.1093689	2.10717398	0	0	0	18.9394	0	0	3
38	136	0	0.255006143	19.0792943	18.0794593	15.4374338	19.1093689	2.13419655	0	0	0	19.0793	0	0	3
39	140	0	0.261716831	19.0015611	18.1031029	15.4374338	19.1093689	2.15784019	0	0	0	19.0016	0	0	3
40	143	0	0.268427519	19.0928945	18.1278477	15.4374338	19.1093689	2.18258498	0	0	0	19.0929	0	0	3
41	146	0	0.275138207	18.9124482	18.1469843	15.4374338	19.1093689	2.20172158	0	0	0	18.9124	0	0	3
42	150	0	0.281848895	18.9090249	18.1651281	15.4374338	19.1093689	2.2198654	0	0	0	18.909	0	0	3
43	154	0	0.288559583	19.2548361	18.1904702	15.4374338	19.2548361	2.24520745	0	0	0	19.2548	0	0	3
44	157	0	0.295270271	18.9095966	18.206814	15.4374338	19.2548361	2.26155123	0	0	0	18.9096	0	0	3
45	161	0	0.301980959	19.1633277	18.2280698	15.4374338	19.2548361	2.28280709	0	0	0	19.1633	0	0	3
46	165	0	0.308691647	19.1522982	18.2481617	15.4374338	19.2548361	2.30289901	0	0	0	19.1523	0	0	3
47	168	0	0.315402335	19.1509502	18.26737	15.4374338	19.2548361	2.32210728	0	0	0	19.151	0	0	3
48	172	0	0.322113023	19.286181	18.2885952	15.4374338	19.286181	2.3433325	0	0	0	19.2862	0	0	3
49	176	0	0.328823711	19.0853176	18.3048549	15.4374338	19.286181	2.35959214	0	0	0	19.0853	0	0	3
50	179	0	0.335534399	19.156512	18.321888	15.4374338	19.286181	2.37662529	0	0	0	19.1565	0	0	3
51	183	0	0.342245087	19.4064757	18.3431544	15.4374338	19.4064757	2.39789171	0	0	0	19.4065	0	0	3
52	186	0	0.348955775	18.8687603	18.3532623	15.4374338	19.4064757	2.40799952	0	0	0	18.8688	0	0	3
53	190	0	0.355666463	19.4094591	18.3731905	15.4374338	19.4094591	2.42792776	0	0	0	19.4095	0	0	3
54	193	0	0.362377151	19.048263	18.3856918	15.4374338	19.4094591	2.4404291	0	0	0	19.0483	0	0	3
55	197	0	0.369087839	19.0978614	18.3986404	15.4374338	19.4094591	2.45337764	0	0	0	19.0979	0	0	3
56	201	0	0.375798527	19.3399289	18.4154491	15.4374338	19.4094591	2.47018636	0	0	0	19.3399	0	0	3
57	204	0	0.382509215	19.1719084	18.4287203	15.4374338	19.4094591	2.48345758	0	0	0	19.1719	0	0	3
58	208	0	0.389219903	18.9780929	18.4381923	15.4374338	19.4094591	2.49292952	0	0	0	18.9781	0	0	3
59	211	0	0.395930591	19.7668928	18.4607126	15.4374338	19.7668928	2.51544987	0	0	0	19.7669	0	0	3
60	215	0	0.402641279	18.8416605	18.4670617	15.4374338	19.7668928	2.521799	0	0	0	18.8417	0	0	3
61	218	0	0.409351967	19.0406124	18.4764642	15.4374338	19.7668928	2.53120147	0	0	0	19.0406	0	0	3
62	222	0	0.416062655	18.8254992	18.4820938	15.4374338	19.7668928	2.53683107	0	0	0	18.8255	0	0	3
63	225	0	0.422773343	18.6692491	18.4850645	15.4374338	19.7668928	2.53980179	0	0	0	18.6692	0	0	3
64	229	0	0.429484031	18.760001	18.4893604	15.4374338	19.7668928	2.54409767	0	0	0	18.76	0	0	3
65	232	0	0.436194719	19.3218255	18.5021676	15.4374338	19.7668928	2.55690482	0	0	0	19.3218	0	0	3
66	235	0	0.442905407	18.8084141	18.5068077	15.4374338	19.7668928	2.56154492	0	0	0	18.8084	0	0	3
67	239	0	0.449616094	18.6151163	18.5084242	15.4374338	19.7668928	2.56316147	0	0	0	18.6151	0	0	3
68	243	0	0.456326782	18.8903569	18.5140409	15.4374338	19.7668928	2.56877813	0	0	0	18.8904	0	0	3
69	246	0	0.46303747	18.6358196	18.5158058	15.4374338	19.7668928	2.57054304	0	0	0	18.6358	0	0	3
70	250	0	0.469748158	18.7112613	18.518598	15.4374338	19.7668928	2.57333526	0	0	0	18.7113	0	0	3
71	253	0	0.476458846	18.8699148	18.5235461	15.4374338	19.7668928	2.57828338	0	0	0	18.8699	0	0	3
72	256	0	0.483169534	18.5021193	18.5232485	15.4374338	19.7668928	2.57828338	0	0	0	18.5021	0	0	3
73	260	0	0.489880222	18.6670193	18.525218	15.4374338	19.7668928	2.57995525	0	0	0	18.667	0	0	3
74	263	0	0.49659091	18.9887701	18.5314822	15.4374338	19.7668928	2.58621947	0	0	0	18.9888	0	0	3
75	266	0	0.503301598	18.6278524	18.5327671	15.4374338	19.7668928	2.5875044	0	0	0	18.6279	0	0	3
76	270	0	0.510012286	18.885961	18.5568133	15.4374338	19.7668928	2.61155052	0	0	0	18.886	0	0	3
77	273	0	0.516722974	18.8524134	18.5949892	15.4374338	19.7668928	2.64972651	0	0	0	18.8524	0	0	3
78	277	0	0.523433662	18.6291908	18.637546	15.5195836	19.7668928	2.69228327	0	0	0	18.6292	0	0	3
79	280	0	0.53014435	18.7420927	18.6805128	15.6975799	19.7668928	2.73525006	0	0	0	18.7421	0	0	3
80	283	0	0.536855038	18.7463563	18.7211631	16.2548986	19.7668928	2.72429444	0	0	0	18.7464	0	0	3
81	287	0	0.543565726	18.69928	18.7537549	16.7706929	19.7668928	2.64633988	0	0	0	18.6993	0	0	3
82	290	0	0.550276414	18.4819416	18.7765715	17.2614526	19.7668928	2.50544024	0	0	0	18.4819	0	0	3
83	293	0	0.556987102	18.6924241	18.7956512	17.6824644	19.7668928	2.08442836	0	0	0	18.6924	0	0	3
84	297	0	0.56369779	18.5039033	18.8066037	18.0480459	19.7668928	1.71884689	0	0	0	18.5039	0	0	3
85	300	0	0.570408478	18.6609859	18.8147762	18.3011975	19.7668928	1.46569532	0	0	0	18.661	0	0	3
86	303	0	0.577119166	18.491234	18.8163557	18.3011975	19.7668928	1.46569532	0	0	0	18.4912	0	0	3
87	307	0	0.583829854	18.3787072	18.8139146	18.3011975	19.7668928	1.46569532	0	0	0	18.3787	0	0	3
88	310	0	0.590540542	18.677242	18.8142383	18.3011975	19.7668928	1.46569532	0	0	0	18.6772	0	0	3
89	313	0	0.59725123	18.4227547	18.8111005	18.3011975	19.7668928	1.46569532	0	0	0	18.4228	0	0	3
90	317	0	0.603961918	18.3098571	18.8063038	18.3011975	19.7668928	1.46569532	0	0	0	18.3099	0	0	3
91	320	0	0.610672606	18.6458414	18.8063674	18.3011975	19.7668928	1.41385837	0	0	0	18.6458	0	0	3
92	323	0	0.617383294	18.384276	18.8042606	18.3011975	19.7668928	1.35722236	0	0	0	18.3843	0	0	3
93	327	0	0.624093982	18.2963073	18.8025854	18.2963073	19.7668928	1.31131287	0	0	0	18.2963	0	0	3
94	330	0	0.63080467	18.6167188	18.8063894	18.2963073	19.7668928	1.27150514	0	0	0	18.6167	0	0	3
95	333	0	0.637515358	18.3745112	18.807367	18.2963073	19.7668928	1.23541103	0	0	0	18.3745	0	0	3
96	336	0	0.644226046	18.2752241	18.8069989	18.2752241	19.7668928	1.20186166	0	0	0	18.2752	0	0	3
97	340	0	0.650936734	18.6603266	18.8115495	18.2752241	19.7668928	1.16657889	0	0	0	18.6603	0	0	3
98	343	0	0.657647422	18.3446238	18.8104646	18.2752241	19.7668928	1.13768559	0	0	0	18.3446	0	0	3
99	346	0	0.66435811	18.2960388	18.8098355	18.2752241	19.7668928	1.10958279	0	0	0	18.296	0	0	3
100	350	0	0.671068798	18.6005042	18.812759	18.2752241	19.7668928	1.07464439	0	0	0	18.6005	0	0	3
101	355	0	0.677779486	18.3237544	18.8088735	18.2752241	19.7668928	1.04437154	0	0	0	18.3238	0	0	3
102	358	0	0.684490174	18.2989365	18.8054049	18.2752241	19.7668928	1.01218537	0	0	0	18.2989	0	0	3
103	361	0	0.691200862	18.6501433	18.8050975	18.2752241	19.7668928	0.984123056	0	0	0	18.6501	0	0	3
104	365	0	0.69791155	18.3528056	18.8015619	18.2752241	19.7668928	0.960738579	0	0	0	18.3528	0	0	3
105	368	0	0.704622238	18.3753453	18.7994496	18.2752241	19.7668928	0.927663451	0	0	0	18.3753	0	0	3
106	371	0	0.711332926	18.63881	18.7962212	18.2752241	19.7668928	0.898330571	0	0	0	18.6388	0	0	3
107	374	0	0.718043614	18.4250653	18.7908574	18.2752241	19.7668928	0.869548198	0	0	0	18.4251	0	0	3
108	378	0	0.724754302	18.3150312	18.7834866	18.2752241	19.7668928	0.844565033	0	0	0	18.315	0	0	3
109	381	0	0.73146499	18.620107	18.7811382	18.2752241	19.7668928	0.812062798	0	0	0	18.6201	0	0	3
110	384	0	0.738175678	18.4085961	18.7717946	18.2752241	19.7668928	0.788556528	0	0	0	18.4086	0	0	3
111	387	0	0.744886365	18.2983735	18.7644327	18.2752241	19.7668928	0.76391901	0	0	0	18.2984	0	0	3
112	390	0	0.751597053	18.608734	18.7600239	18.2752241	19.7668928	0.736896443	0	0	0	18.6087	0	0	3
113	394	0	0.758307741	18.4033501	18.7510114	18.2752241	19.7668928	0.713252806	0	0	0	18.4034	0	0	3
114	397	0	0.765018429	18.2789446	18.7413765	18.2752241	19.7668928	0.688508016	0	0	0	18.2789	0	0	3
115	400	0	0.771729117	18.6295167	18.7351981	18.2752241	19.7668928	0.669371419	0	0	0	18.6295	0	0	3
116	403	0	0.778439805	18.4355831	18.7288399	18.2752241	19.7668928	0.651227595	0	0	0	18.4356	0	0	3
117	407	0	0.785150493	18.3841102	18.721841	18.2752241	19.7668928	0.625885549	0	0	0	18.3841	0	0	3
118	410	0	0.791861181	18.6152117	18.7133127	18.2752241	19.7668928	0.609541765	0	0	0	18.6152	0	0	3
119	413	0	0.798571869	18.4294871	18.7069112	18.2752241	19.7668928	0.588285905	0	0	0	18.4295	0	0	3
120	416	0	0.805282557	18.3269901	18.6957601	18.2752241	19.7668928	0.568193984	0	0	0	18.327	0	0	3
121	420	0	0.811993245	18.6381041	18.6889042	18.2752241	19.7668928	0.548985719	0	0	0	18.6381	0	0	3
122	423	0	0.818703933	18.4747576	18.6798883	18.2752241	19.7668928	0.527760491	0	0	0	18.4748	0	0	3
123	426	0	0.825414621	18.3742855	18.6677296	18.2752241	19.7668928	0.511500851	0	0	0	18.3743	0	0	3
124	429	0	0.832125309	18.6477797	18.6618958	18.2752241	19.7668928	0.494467708	0	0	0	18.6478	0	0	3
125	433	0	0.838835997	18.5147813	18.6533394	18.2752241	19.7668928	0.473201282	0	0	0	18.5148	0	0	3
126	436	0	0.845546685	18.3987315	18.6399028	18.2752241	19.7668928	0.463093477	0	0	0	18.3987	0	0	3
127	439	0	0.852257373	18.333494	18.6327659	18.2752241	19.7668928	0.443165235	0	0	0	18.3335	0	0	3
128	442	0	0.858968061	18.7249858	18.6236396	18.2752241	19.7668928	0.430663891	0	0	0	18.725	0	0	3
129	446	0	0.865678749	18.6333567	18.6181075	18.2752241	19.7668928	0.417715353	0	0	0	18.6334	0	0	3
130	449	0	0.872389437	18.3230083	18.6077762	18.2752241	19.7668928	0.40090663	0	0	0	18.323	0	0	3
131	452	0	0.879100125	18.531888	18.5970023	18.2752241	19.7668928	0.387635414	0	0	0	18.5319	0	0	3
132	455	0	0.885810813	18.3114922	18.5855301	18.2752241	19.7668928	0.378163472	0	0	0	18.3115	0	0	3
133	458	0	0.892521501	18.4870554	18.5789829	18.2752241	19.7668928	0.355643124	0	0	0	18.4871	0	0	3
134	462	0	0.899232189	18.7110751	18.5649053	18.2752241	19.3218255	0.349293993	0	0	0	18.7111	0	0	3
135	465	0	0.905942877	18.5522313	18.5610463	18.2752241	19.3218255	0.339891523	0	0	0	18.5522	0	0	3
136	468	0	0.912653565	18.2798881	18.5509033	18.2752241	19.3218255	0.334261927	0	0	0	18.2799	0	0	3
137	471	0	0.919364253	18.6281641	18.5482721	18.2752241	19.3218255	0.331291208	0	0	0	18.6282	0	0	3
138	474	0	0.926074941	18.2461678	18.5426311	18.2461678	19.3218255	0.326995326	0	0	0	18.2462	0	0	3
139	478	0	0.932785629	18.3462237	18.537114	18.2461678	19.3218255	0.314188171	0	0	0	18.3462	0	0	3
140	481	0	0.939496317	18.5617897	18.5269802	18.2461678	18.9887701	0.309548072	0	0	0	18.5618	0	0	3
141	484	0	0.946207005	18.391725	18.5214244	18.2461678	18.9887701	0.307931525	0	0	0	18.3917	0	0	3
142	487	0	0.952917693	18.7257475	18.5228994	18.2461678	18.9887701	0.302314868	0	0	0	18.7257	0	0	3
143	491	0	0.959628381	18.4307539	18.5167714	18.2461678	18.9887701	0.300549959	0	0	0	18.4308	0	0	3
144	494	0	0.966339069	18.3705923	18.513235	18.2461678	18.9887701	0.303120683	0	0	0	18.3706	0	0	3
145	497	0	0.973049757	18.3939039	18.5090036	18.2461678	18.9887701	0.307352115	0	0	0	18.3939	0	0	3
146	500	0	0.979760445	18.8536762	18.5087871	18.2461678	18.9887701	0.30756863	0	0	0	18.8537	0	0	3
147	504	0	0.986471133	18.6103545	18.5102302	18.2461678	18.9887701	0.30756863	0	0	0	18.6104	0	0	3
148	507	0	0.993181821	18.3227577	18.5056401	18.2461678	18.9887701	0.310715646	0	0	0	18.3228	0	0	3
149	510	0	0.999892509	18.5611667	18.4999387	18.2461678	18.885961	0.316417025	0	0	0	18.5612	0	0	3
150	513	0	1.0066032	18.3339364	18.4960198	18.2461678	18.885961	0.320335906	0.129883769	0	40.5	18.3339	0	0	3
151	516	0	1.01331388	18.4782338	18.4905835	18.2461678	18.8536762	0.325772268	0.129883769	0	39.8	18.4782	0	0	3
152	520	0	1.02002457	18.7452372	18.4891544	18.2461678	18.8536762	0.327201284	0.129883769	0	39.6	18.7452	0	0	3
153	523	0	1.02673526	18.5997592	18.488762	18.2461678	18.8536762	0.327593705	0.129883769	0	39.6	18.5998	0	0	3
154	526	0	1.03344595	18.3155288	18.4830745	18.2461678	18.8536762	0.333281224	0.129883769	0	38.9	18.3155	0	0	3
155	529	0	1.04015664	18.6323935	18.481555	18.2461678	18.8536762	0.334800728	0.129883769	0	38.7	18.6324	0	0	3
156	533	0	1.04686732	18.3892785	18.4774216	18.2461678	18.8536762	0.338934081	0.129883769	0	38.3	18.3893	0	0	3
157	536	0	1.05357801	18.4680635	18.4772366	18.2461678	18.8536762	0.339119123	0.129883769	0	38.3	18.4681	0	0	3
158	539	0	1.0602887	18.8301409	18.4790728	18.2461678	18.8536762	0.339119123	0.129883769	0	38.3	18.8301	0	0	3
159	542	0	1.06699939	18.6326367	18.4807893	18.2461678	18.8536762	0.339119123	0.129883769	0	38.3	18.6326	0	0	3
160	546	0	1.07371008	18.3324928	18.4764094	18.2461678	18.8536762	0.339946361	0.129883769	0	38.2	18.3325	0	0	3
161	549	0	1.08042076	18.5826934	18.4776288	18.2461678	18.8536762	0.337828963	0.129883769	0	38.4	18.5827	0	0	3
162	552	0	1.08713145	18.4212691	18.4781963	18.2461678	18.8536762	0.337828963	0.129883769	0	38.4	18.4213	0	0	3
163	555	0	1.09384214	18.4747781	18.4754968	18.2461678	18.8536762	0.337262243	0.129883769	0	38.5	18.4748	0	0	3
164	558	0	1.10055283	18.6430201	18.4784337	18.2461678	18.8536762	0.337262243	0.129883769	0	38.5	18.643	0	0	3
165	562	0	1.10726352	18.5336806	18.481418	18.2461678	18.8536762	0.337262243	0.129883769	0	38.5	18.5337	0	0	3
166	565	0	1.1139742	18.3505051	18.4774802	18.2461678	18.8536762	0.337262243	0.129883769	0	38.5	18.3505	0	0	3
167	568	0	1.12068489	18.5922201	18.4802528	18.2461678	18.8536762	0.337262243	0.129883769	0	38.5	18.5922	0	0	3
168	571	0	1.12739558	18.2484946	18.4796153	18.2461678	18.8536762	0.337262243	0.129883769	0	38.5	18.2485	0	0	3
169	575	0	1.13410627	18.3600916	18.4761936	18.2461678	18.8536762	0.337262243	0.129883769	0	38.5	18.3601	0	0	3
170	578	0	1.14081696	18.5815546	18.4789541	18.2461678	18.8536762	0.337262243	0.129883769	0	38.5	18.5816	0	0	3
171	581	0	1.14752764	18.2321965	18.4783804	18.2321965	18.8536762	0.337262243	0.129883769	0	38.5	18.2322	0	0	3
172	584	0	1.15423833	18.3115608	18.4737302	18.2321965	18.8536762	0.339028819	0.129883769	0	38.3	18.3116	0	0	3
173	588	0	1.16094902	18.5563479	18.4765532	18.2321965	18.8536762	0.339028819	0.129883769	0	38.3	18.5563	0	0	3
174	591	0	1.16765971	18.2152027	18.4754754	18.2152027	18.8536762	0.339028819	0.129883769	0	38.3	18.2152	0	0	3
175	594	0	1.1743704	18.3372836	18.4719658	18.2152027	18.8536762	0.336907696	0.129883769	0	38.5	18.3373	0	0	3
176	597	0	1.18108108	18.5624858	18.4751489	18.2152027	18.8536762	0.333439138	0.129883769	0	38.9	18.5625	0	0	3
177	600	0	1.18779177	18.2377272	18.4743327	18.2152027	18.8536762	0.333131757	0.129883769	0	38.9	18.2377	0	0	3
178	604	0	1.19450246	18.3257009	18.4700069	18.2152027	18.8536762	0.331555069	0.129883769	0	39.1	18.3257	0	0	3
179	607	0	1.20121315	18.6083009	18.4734135	18.2152027	18.8536762	0.32944278	0.129883769	0	39.4	18.6083	0	0	3
180	610	0	1.20792384	18.2117782	18.4712326	18.2117782	18.8536762	0.326214299	0.129883769	0	39.8	18.2118	0	0	3
181	613	0	1.21463452	18.3044987	18.4667751	18.2117782	18.8536762	0.324082353	0.129883769	0	40	18.3045	0	0	3
182	617	0	1.22134521	18.5445323	18.468368	18.2117782	18.8536762	0.316711523	0.129883769	0	41	18.5445	0	0	3
183	620	0	1.2280559	18.2120188	18.4669945	18.2117782	18.8536762	0.314363149	0.129883769	0	41.3	18.212	0	0	3
184	623	0	1.23476659	18.3535032	18.4634398	18.2117782	18.8536762	0.308354835	0.129883769	0	42.1	18.3535	0	0	3
185	626	0	1.24147728	18.5615328	18.4654789	18.2117782	18.8536762	0.300992899	0.129883769	0	43.1	18.5615	0	0	3
186	629	0	1.24818796	18.2318317	18.4645917	18.2117782	18.8536762	0.296584188	0.129883769	0	43.7	18.2318	0	0	3
187	633	0	1.25489865	18.3329659	18.4609148	18.2117782	18.8536762	0.290096576	0.129883769	0	44.7	18.333	0	0	3
188	636	0	1.26160934	18.544771	18.4628004	18.2117782	18.8536762	0.280461688	0.129883769	0	46.3	18.5448	0	0	3
189	639	0	1.26832003	18.2572198	18.4625107	18.2117782	18.8536762	0.274283318	0.129883769	0	47.3	18.2572	0	0	3
190	643	0	1.27503072	18.2922185	18.4580134	18.2117782	18.8536762	0.270826479	0.129883769	0	47.9	18.2922	0	0	3
191	646	0	1.2817414	18.5724992	18.459839	18.2117782	18.8536762	0.263827616	0.129883769	0	49.2	18.5725	0	0	3
192	650	0	1.28845209	18.2206463	18.4576594	18.2117782	18.8536762	0.255653261	0.129883769	0	50.8	18.2206	0	0	3
193	654	0	1.29516278	18.3132456	18.4536332	18.2117782	18.8536762	0.253278015	0.129883769	0	51.2	18.3132	0	0	3
194	657	0	1.30187347	18.5611107	18.4553882	18.2117782	18.8536762	0.242126847	0.129883769	0	53.6	18.5611	0	0	3
195	660	0	1.30858416	18.2326817	18.4541308	18.2117782	18.8536762	0.235270926	0.129883769	0	55.2	18.2327	0	0	3
196	664	0	1.31529484	18.2838979	18.449408	18.2117782	18.8536762	0.230480239	0.129883769	0	56.3	18.2839	0	0	3
197	667	0	1.32200553	18.6084158	18.4511901	18.2117782	18.8536762	0.218321632	0.129883769	0	59.4	18.6084	0	0	3
198	670	0	1.32871622	18.2317987	18.4492903	18.2117782	18.8536762	0.212605508	0.129883769	0	61	18.2318	0	0	3
199	673	0	1.33542691	18.3207684	18.4449301	18.2117782	18.8536762	0.208409249	0.129883769	0	62.3	18.3208	0	0	3
200	676	0	1.3421376	18.5884452	18.4459123	18.2117782	18.8536762	0.19497266	0.129883769	0	66.6	18.5884	0	0	3
201	682	0	1.34884828	18.2726892	18.4442318	18.2117782	18.8536762	0.188534155	0.129883769	0	68.8	18.2727	0	0	3
202	685	0	1.35555897	18.2483073	18.4430959	18.2117782	18.8536762	0.180543668	0.129883769	0	71.9	18.2483	0	0	3
203	688	0	1.36226966	18.6312429	18.441846	18.2117782	18.8536762	0.17626149	0.129883769	0	73.6	18.6312	0	0	3
204	692	0	1.36898035	18.2280731	18.4364423	18.2117782	18.8536762	0.171333896	0.129883769	0	75.8	18.2281	0	0	3
205	696	0	1.37569104	18.3057309	18.4362119	18.2117782	18.8536762	0.160790384	0.129883769	0	80.7	18.3057	0	0	3
206	700	0	1.38240172	18.5808736	18.436865	18.2117782	18.8536762	0.149318168	0.129883769	0	86.9	18.5809	0	0	3
207	704	0	1.38911241	18.440838	18.4385896	18.2117782	18.8536762	0.142771001	0.129883769	0	90.9	18.4408	0	0	3
208	707	0	1.3958231	18.3969534	18.4373883	18.2117782	18.8536762	0.128693431	0.129883769	0	100	18.397	0	0	3
