Iteration	CPUTime	PhysTime	Travels	Value	AvValue	MinValue	MaxValue	Delta	Criteria	Progress	dGMaxMin	CriteriaType	CriteriaVarType	CriteriaPercentage
1	10	0	0.00671068798	101325.619	101325.619	101325.619	101325.619	0	0	0	0	5575.7	0	0	3
2	13	0	0.013421376	101325.46	101325.54	101325.46	101325.619	0.0796167554	0	0	0	753.157	0	0	3
3	17	0	0.0201320639	101325.543	101325.541	101325.46	101325.619	0.0796167554	0	0	0	672.823	0	0	3
4	20	0	0.0268427519	101325.209	101325.458	101325.209	101325.619	0.161386671	0	0	0	489.94	0	0	3
5	24	0	0.0335534399	101325.907	101325.548	101325.209	101325.907	0.161386671	0	0	0	555.855	0	0	3
6	28	0	0.0402641279	101325.185	101325.487	101325.185	101325.907	0.161386671	0	0	0	487.551	0	0	3
7	31	0	0.0469748158	101325.859	101325.54	101325.185	101325.907	0.161386671	0	0	0	495.671	0	0	3
8	34	0	0.0536855038	101325.151	101325.492	101325.151	101325.907	0.161386671	0	0	0	491.446	0	0	3
9	38	0	0.0603961918	101325.92	101325.539	101325.151	101325.92	0.161386671	0	0	0	490.885	0	0	3
10	41	0	0.0671068798	101325.097	101325.495	101325.097	101325.92	0.161386671	0	0	0	482.288	0	0	3
11	44	0	0.0738175678	101325.855	101325.528	101325.097	101325.92	0.161386671	0	0	0	476.746	0	0	3
12	48	0	0.0805282557	101325.115	101325.493	101325.097	101325.92	0.161386671	0	0	0	473.033	0	0	3
13	51	0	0.0872389437	101325.808	101325.518	101325.097	101325.92	0.161386671	0	0	0	472.969	0	0	3
14	55	0	0.0939496317	101325.117	101325.489	101325.097	101325.92	0.161386671	0	0	0	473.02	0	0	3
15	58	0	0.10066032	101325.781	101325.509	101325.097	101325.92	0.161386671	0	0	0	475.38	0	0	3
16	61	0	0.107371008	101325.199	101325.489	101325.097	101325.92	0.161386671	0	0	0	472.859	0	0	3
17	65	0	0.114081696	101325.7	101325.502	101325.097	101325.92	0.161386671	0	0	0	471.606	0	0	3
18	68	0	0.120792384	101325.246	101325.487	101325.097	101325.92	0.161386671	0	0	0	474.652	0	0	3
19	71	0	0.127503072	101325.706	101325.499	101325.097	101325.92	0.161386671	0	0	0	465.865	0	0	3
20	75	0	0.13421376	101325.327	101325.49	101325.097	101325.92	0.161386671	0	0	0	464.875	0	0	3
21	78	0	0.140924448	101325.674	101325.499	101325.097	101325.92	0.161386671	0	0	0	462.849	0	0	3
22	82	0	0.147635136	101325.401	101325.495	101325.097	101325.92	0.161386671	0	0	0	464.049	0	0	3
23	85	0	0.154345823	101325.67	101325.502	101325.097	101325.92	0.161386671	0	0	0	461.49	0	0	3
24	89	0	0.161056511	101325.426	101325.499	101325.097	101325.92	0.161386671	0	0	0	460.57	0	0	3
25	92	0	0.167767199	101325.666	101325.506	101325.097	101325.92	0.161386671	0	0	0	463.061	0	0	3
26	95	0	0.174477887	101325.502	101325.506	101325.097	101325.92	0.161386671	0	0	0	464.188	0	0	3
27	99	0	0.181188575	101325.68	101325.512	101325.097	101325.92	0.161386671	0	0	0	462.518	0	0	3
28	102	0	0.187899263	101325.582	101325.515	101325.097	101325.92	0.161386671	0	0	0	461.793	0	0	3
29	106	0	0.194609951	101325.696	101325.521	101325.097	101325.92	0.161386671	0	0	0	461.731	0	0	3
30	109	0	0.201320639	101325.645	101325.525	101325.097	101325.92	0.161386671	0	0	0	460.49	0	0	3
31	112	0	0.208031327	101325.694	101325.53	101325.097	101325.92	0.161386671	0	0	0	460.712	0	0	3
32	116	0	0.214742015	101325.667	101325.535	101325.097	101325.92	0.161386671	0	0	0	459.367	0	0	3
33	119	0	0.221452703	101325.67	101325.539	101325.097	101325.92	0.161386671	0	0	0	458.078	0	0	3
34	123	0	0.228163391	101325.646	101325.542	101325.097	101325.92	0.161386671	0	0	0	457.529	0	0	3
35	126	0	0.234874079	101325.63	101325.544	101325.097	101325.92	0.161386671	0	0	0	456.914	0	0	3
36	129	0	0.241584767	101325.61	101325.546	101325.097	101325.92	0.161386671	0	0	0	456.043	0	0	3
37	133	0	0.248295455	101325.586	101325.547	101325.097	101325.92	0.161386671	0	0	0	451.575	0	0	3
38	136	0	0.255006143	101325.571	101325.548	101325.097	101325.92	0.161386671	0	0	0	451.124	0	0	3
39	140	0	0.261716831	101325.559	101325.548	101325.097	101325.92	0.161386671	0	0	0	448	0	0	3
40	143	0	0.268427519	101325.554	101325.548	101325.097	101325.92	0.161386671	0	0	0	449.956	0	0	3
41	146	0	0.275138207	101325.555	101325.549	101325.097	101325.92	0.161386671	0	0	0	449.191	0	0	3
42	150	0	0.281848895	101325.559	101325.549	101325.097	101325.92	0.161386671	0	0	0	448.682	0	0	3
43	154	0	0.288559583	101325.561	101325.549	101325.097	101325.92	0.161386671	0	0	0	447.576	0	0	3
44	157	0	0.295270271	101325.565	101325.549	101325.097	101325.92	0.161386671	0	0	0	446.959	0	0	3
45	161	0	0.301980959	101325.569	101325.55	101325.097	101325.92	0.161386671	0	0	0	446.207	0	0	3
46	165	0	0.308691647	101325.574	101325.55	101325.097	101325.92	0.161386671	0	0	0	446.143	0	0	3
47	168	0	0.315402335	101325.581	101325.551	101325.097	101325.92	0.161386671	0	0	0	445.948	0	0	3
48	172	0	0.322113023	101325.589	101325.552	101325.097	101325.92	0.161386671	0	0	0	445.475	0	0	3
49	176	0	0.328823711	101325.596	101325.553	101325.097	101325.92	0.161386671	0	0	0	446.836	0	0	3
50	179	0	0.335534399	101325.602	101325.554	101325.097	101325.92	0.161386671	0	0	0	448.053	0	0	3
51	183	0	0.342245087	101325.606	101325.555	101325.097	101325.92	0.161386671	0	0	0	447.445	0	0	3
52	186	0	0.348955775	101325.611	101325.556	101325.097	101325.92	0.161386671	0	0	0	446.912	0	0	3
53	190	0	0.355666463	101325.62	101325.557	101325.097	101325.92	0.161386671	0	0	0	446.629	0	0	3
54	193	0	0.362377151	101325.629	101325.558	101325.097	101325.92	0.161386671	0	0	0	445.186	0	0	3
55	197	0	0.369087839	101325.632	101325.56	101325.097	101325.92	0.161386671	0	0	0	445.032	0	0	3
56	201	0	0.375798527	101325.636	101325.561	101325.097	101325.92	0.161386671	0	0	0	444.996	0	0	3
57	204	0	0.382509215	101325.638	101325.562	101325.097	101325.92	0.161386671	0	0	0	444.38	0	0	3
58	208	0	0.389219903	101325.639	101325.564	101325.097	101325.92	0.161386671	0	0	0	444.691	0	0	3
59	211	0	0.395930591	101325.637	101325.565	101325.097	101325.92	0.161386671	0	0	0	443.997	0	0	3
60	215	0	0.402641279	101325.635	101325.566	101325.097	101325.92	0.161386671	0	0	0	444.538	0	0	3
61	218	0	0.409351967	101325.632	101325.567	101325.097	101325.92	0.161386671	0	0	0	443.904	0	0	3
62	222	0	0.416062655	101325.627	101325.568	101325.097	101325.92	0.161386671	0	0	0	444.663	0	0	3
63	225	0	0.422773343	101325.623	101325.569	101325.097	101325.92	0.161386671	0	0	0	446.104	0	0	3
64	229	0	0.429484031	101325.62	101325.57	101325.097	101325.92	0.161386671	0	0	0	446.689	0	0	3
65	232	0	0.436194719	101325.617	101325.571	101325.097	101325.92	0.161386671	0	0	0	446.452	0	0	3
66	235	0	0.442905407	101325.614	101325.571	101325.097	101325.92	0.161386671	0	0	0	447.038	0	0	3
67	239	0	0.449616094	101325.613	101325.572	101325.097	101325.92	0.161386671	0	0	0	447.956	0	0	3
68	243	0	0.456326782	101325.612	101325.572	101325.097	101325.92	0.161386671	0	0	0	448.934	0	0	3
69	246	0	0.46303747	101325.615	101325.573	101325.097	101325.92	0.161386671	0	0	0	450.57	0	0	3
70	250	0	0.469748158	101325.619	101325.574	101325.097	101325.92	0.161386671	0	0	0	451.789	0	0	3
71	253	0	0.476458846	101325.623	101325.574	101325.097	101325.92	0.161386671	0	0	0	453.409	0	0	3
72	256	0	0.483169534	101325.629	101325.575	101325.097	101325.92	0.161386671	0	0	0	454.499	0	0	3
73	260	0	0.489880222	101325.633	101325.576	101325.097	101325.92	0.161386671	0	0	0	455.423	0	0	3
74	263	0	0.49659091	101325.636	101325.577	101325.097	101325.92	0.161386671	0	0	0	456.084	0	0	3
75	266	0	0.503301598	101325.638	101325.578	101325.097	101325.92	0.161386671	0	0	0	456.062	0	0	3
76	270	0	0.510012286	101325.639	101325.578	101325.097	101325.92	0.120102157	0	0	0	455.923	0	0	3
77	273	0	0.516722974	101325.639	101325.58	101325.097	101325.92	0.122494408	0	0	0	456.134	0	0	3
78	277	0	0.523433662	101325.64	101325.582	101325.097	101325.92	0.123795932	0	0	0	456.317	0	0	3
79	280	0	0.53014435	101325.64	101325.587	101325.097	101325.92	0.10000613	0	0	0	456.43	0	0	3
80	283	0	0.536855038	101325.639	101325.584	101325.097	101325.92	0.10000613	0	0	0	456.512	0	0	3
81	287	0	0.543565726	101325.638	101325.59	101325.097	101325.92	0.102363593	0	0	0	456.746	0	0	3
82	290	0	0.550276414	101325.638	101325.587	101325.097	101325.92	0.102363593	0	0	0	456.442	0	0	3
83	293	0	0.556987102	101325.637	101325.593	101325.097	101325.92	0.105892184	0	0	0	456.47	0	0	3
84	297	0	0.56369779	101325.634	101325.589	101325.097	101325.855	0.105892184	0	0	0	456.311	0	0	3
85	300	0	0.570408478	101325.634	101325.597	101325.115	101325.855	0.109239708	0	0	0	456.115	0	0	3
86	303	0	0.577119166	101325.633	101325.594	101325.115	101325.808	0.109239708	0	0	0	456.003	0	0	3
87	307	0	0.583829854	101325.632	101325.601	101325.117	101325.808	0.113153086	0	0	0	456.169	0	0	3
88	310	0	0.590540542	101325.632	101325.598	101325.117	101325.781	0.113153086	0	0	0	455.929	0	0	3
89	313	0	0.59725123	101325.631	101325.605	101325.199	101325.781	0.117651225	0	0	0	455.976	0	0	3
90	317	0	0.603961918	101325.631	101325.603	101325.199	101325.706	0.117651225	0	0	0	455.738	0	0	3
91	320	0	0.610672606	101325.63	101325.609	101325.246	101325.706	0.12140193	0	0	0	455.442	0	0	3
92	323	0	0.617383294	101325.629	101325.608	101325.246	101325.706	0.12140193	0	0	0	455.524	0	0	3
93	327	0	0.624093982	101325.628	101325.613	101325.327	101325.706	0.122641453	0	0	0	455.604	0	0	3
94	330	0	0.63080467	101325.628	101325.612	101325.327	101325.696	0.122641453	0	0	0	455.011	0	0	3
95	333	0	0.637515358	101325.627	101325.616	101325.401	101325.696	0.121312309	0	0	0	455.203	0	0	3
96	336	0	0.644226046	101325.627	101325.615	101325.401	101325.696	0.121312309	0	0	0	455.131	0	0	3
97	340	0	0.650936734	101325.627	101325.618	101325.426	101325.696	0.119245856	0	0	0	454.6	0	0	3
98	343	0	0.657647422	101325.628	101325.618	101325.426	101325.696	0.119245856	0	0	0	454.448	0	0	3
99	346	0	0.66435811	101325.627	101325.62	101325.502	101325.696	0.114821521	0	0	0	454.463	0	0	3
100	350	0	0.671068798	101325.627	101325.62	101325.502	101325.696	0.114821521	0	0	0	454.031	0	0	3
101	355	0	0.677779486	101325.628	101325.622	101325.554	101325.696	0.109541112	0	0	0	454.251	0	0	3
102	358	0	0.684490174	101325.628	101325.621	101325.554	101325.696	0.107027715	0	0	0	454.001	0	0	3
103	361	0	0.691200862	101325.628	101325.621	101325.554	101325.696	0.100760649	0	0	0	453.581	0	0	3
104	365	0	0.69791155	101325.628	101325.621	101325.554	101325.694	0.0966236416	0	0	0	453.469	0	0	3
105	368	0	0.704622238	101325.628	101325.62	101325.554	101325.694	0.0911845041	0	0	0	453.363	0	0	3
106	371	0	0.711332926	101325.628	101325.619	101325.554	101325.67	0.0869060129	0	0	0	452.936	0	0	3
107	374	0	0.718043614	101325.628	101325.619	101325.554	101325.67	0.0827975003	0	0	0	453.014	0	0	3
108	378	0	0.724754302	101325.628	101325.618	101325.554	101325.646	0.0796545163	0	0	0	452.809	0	0	3
109	381	0	0.73146499	101325.628	101325.618	101325.554	101325.64	0.0771347347	0	0	0	452.446	0	0	3
110	384	0	0.738175678	101325.628	101325.618	101325.554	101325.64	0.0753195395	0	0	0	452.606	0	0	3
111	387	0	0.744886365	101325.628	101325.618	101325.554	101325.64	0.0742397465	0	0	0	452.897	0	0	3
112	390	0	0.751597053	101325.627	101325.619	101325.554	101325.64	0.0736218984	0	0	0	452.74	0	0	3
113	394	0	0.758307741	101325.627	101325.62	101325.554	101325.64	0.0733299232	0	0	0	452.919	0	0	3
114	397	0	0.765018429	101325.627	101325.621	101325.554	101325.64	0.0731764545	0	0	0	453.063	0	0	3
115	400	0	0.771729117	101325.626	101325.622	101325.555	101325.64	0.0730104632	0	0	0	452.887	0	0	3
116	403	0	0.778439805	101325.627	101325.622	101325.559	101325.64	0.0736758188	0	0	0	452.887	0	0	3
117	407	0	0.785150493	101325.627	101325.623	101325.561	101325.64	0.0743007098	0	0	0	453.131	0	0	3
118	410	0	0.791861181	101325.626	101325.624	101325.565	101325.64	0.0747995409	0	0	0	452.677	0	0	3
119	413	0	0.798571869	101325.626	101325.625	101325.569	101325.64	0.0711235175	0	0	0	453.149	0	0	3
120	416	0	0.805282557	101325.626	101325.626	101325.574	101325.64	0.0663044557	0	0	0	453.198	0	0	3
121	420	0	0.811993245	101325.625	101325.627	101325.581	101325.64	0.0594484265	0	0	0	452.532	0	0	3
122	423	0	0.818703933	101325.626	101325.627	101325.589	101325.64	0.0511171811	0	0	0	452.906	0	0	3
123	426	0	0.825414621	101325.625	101325.628	101325.596	101325.64	0.0439388284	0	0	0	452.846	0	0	3
124	429	0	0.832125309	101325.625	101325.628	101325.602	101325.64	0.0381855927	0	0	0	452.95	0	0	3
125	433	0	0.838835997	101325.625	101325.628	101325.606	101325.64	0.0347597787	0	0	0	452.814	0	0	3
126	436	0	0.845546685	101325.624	101325.629	101325.611	101325.64	0.0294190462	0	0	0	453.502	0	0	3
127	439	0	0.852257373	101325.624	101325.629	101325.612	101325.64	0.0281663097	0	0	0	453.465	0	0	3
128	442	0	0.858968061	101325.624	101325.629	101325.612	101325.64	0.0281663097	0	0	0	453.265	0	0	3
129	446	0	0.865678749	101325.623	101325.629	101325.612	101325.64	0.0281663097	0	0	0	453.218	0	0	3
130	449	0	0.872389437	101325.622	101325.629	101325.612	101325.64	0.0281663097	0	0	0	452.207	0	0	3
131	452	0	0.879100125	101325.622	101325.628	101325.612	101325.64	0.0281663097	0	0	0	451.916	0	0	3
132	455	0	0.885810813	101325.622	101325.628	101325.612	101325.64	0.0281663097	0	0	0	452.282	0	0	3
133	458	0	0.892521501	101325.62	101325.628	101325.612	101325.64	0.0281663097	0	0	0	452.301	0	0	3
134	462	0	0.899232189	101325.62	101325.628	101325.612	101325.64	0.0281663097	0	0	0	452.132	0	0	3
135	465	0	0.905942877	101325.62	101325.627	101325.612	101325.64	0.0281663097	0	0	0	452.309	0	0	3
136	468	0	0.912653565	101325.619	101325.627	101325.612	101325.64	0.0281663097	0	0	0	452.321	0	0	3
137	471	0	0.919364253	101325.619	101325.627	101325.612	101325.64	0.0281663097	0	0	0	452.627	0	0	3
138	474	0	0.926074941	101325.619	101325.627	101325.612	101325.64	0.0281663097	0	0	0	452.936	0	0	3
139	478	0	0.932785629	101325.618	101325.627	101325.612	101325.64	0.0281663097	0	0	0	453.169	0	0	3
140	481	0	0.939496317	101325.618	101325.627	101325.612	101325.64	0.0281663097	0	0	0	452.551	0	0	3
141	484	0	0.946207005	101325.617	101325.627	101325.612	101325.64	0.0281663097	0	0	0	452.783	0	0	3
142	487	0	0.952917693	101325.617	101325.627	101325.612	101325.64	0.0281663097	0	0	0	452.844	0	0	3
143	491	0	0.959628381	101325.617	101325.627	101325.615	101325.64	0.0252880024	0	0	0	453.06	0	0	3
144	494	0	0.966339069	101325.616	101325.627	101325.616	101325.64	0.0242297654	0	0	0	453.071	0	0	3
145	497	0	0.973049757	101325.615	101325.627	101325.615	101325.64	0.025377253	0	0	0	453.292	0	0	3
146	500	0	0.979760445	101325.616	101325.627	101325.615	101325.64	0.025377253	0	0	0	452.921	0	0	3
147	504	0	0.986471133	101325.615	101325.627	101325.615	101325.64	0.0256047922	0	0	0	452.987	0	0	3
148	507	0	0.993181821	101325.614	101325.627	101325.614	101325.64	0.0263912163	0	0	0	452.796	0	0	3
149	510	0	0.999892509	101325.614	101325.626	101325.614	101325.64	0.0263912163	0	0	0	452.617	0	0	3
150	513	0	1.0066032	101325.614	101325.626	101325.614	101325.64	0.0267199637	0.0246923417	0	0	452.195	0	0	3
151	516	0	1.01331388	101325.613	101325.626	101325.613	101325.64	0.0276362721	0.0246923417	0	0	452.361	0	0	3
152	520	0	1.02002457	101325.613	101325.625	101325.613	101325.64	0.0276362721	0.0246923417	0	0	451.862	0	0	3
153	523	0	1.02673526	101325.612	101325.625	101325.612	101325.64	0.0279599295	0.0246923417	0	0	452.136	0	0	3
154	526	0	1.03344595	101325.612	101325.625	101325.612	101325.639	0.0277178968	0.0246923417	0	0	451.972	0	0	3
155	529	0	1.04015664	101325.612	101325.624	101325.612	101325.638	0.0265809527	0.0246923417	0	0	452.184	0	0	3
156	533	0	1.04686732	101325.611	101325.624	101325.611	101325.638	0.0268638988	0.0246923417	0	0	452.28	0	0	3
157	536	0	1.05357801	101325.611	101325.624	101325.611	101325.637	0.0255607727	0.0246923417	0	0	452.689	0	0	3
158	539	0	1.0602887	101325.612	101325.623	101325.611	101325.634	0.0235072704	0.0246923417	0	0	452.113	0	0	3
159	542	0	1.06699939	101325.611	101325.623	101325.611	101325.634	0.0225617587	0.0246923417	0	0	452.699	0	0	3
160	546	0	1.07371008	101325.611	101325.623	101325.611	101325.633	0.0218308006	0.0246923417	0	0	452.317	0	0	3
161	549	0	1.08042076	101325.612	101325.622	101325.611	101325.632	0.0210630303	0.0246923417	0	0	452.417	0	0	3
162	552	0	1.08713145	101325.612	101325.622	101325.611	101325.632	0.0210630303	0.0246923417	0	0	452.708	0	0	3
163	555	0	1.09384214	101325.612	101325.622	101325.611	101325.631	0.0201510255	0.0246923417	0	0	451.531	0	0	3
164	558	0	1.10055283	101325.612	101325.622	101325.611	101325.631	0.0197688278	0.0246923417	0	0	451.753	0	0	3
165	562	0	1.10726352	101325.612	101325.621	101325.611	101325.63	0.0192030676	0.0246923417	0	0	451.444	0	0	3
166	565	0	1.1139742	101325.613	101325.621	101325.611	101325.629	0.0182157369	0.0246923417	0	0	451.646	0	0	3
167	568	0	1.12068489	101325.613	101325.621	101325.611	101325.628	0.0168348042	0.0246923417	0	0	451.665	0	0	3
168	571	0	1.12739558	101325.613	101325.621	101325.611	101325.628	0.0168348042	0.0246923417	0	0	451.819	0	0	3
169	575	0	1.13410627	101325.613	101325.62	101325.611	101325.628	0.0134553924	0.0246923417	0	0	452.129	0	0	3
170	578	0	1.14081696	101325.614	101325.62	101325.611	101325.628	0.0134553924	0.0246923417	0	0	451.844	0	0	3
171	581	0	1.14752764	101325.613	101325.62	101325.611	101325.628	0.0110111767	0.0246923417	0	0	452.613	0	0	3
172	584	0	1.15423833	101325.613	101325.62	101325.611	101325.628	0.0110111767	0.0246923417	0	0	452.518	0	0	3
173	588	0	1.16094902	101325.614	101325.62	101325.611	101325.628	0.0106095872	0.0246923417	0	0	452.274	0	0	3
174	591	0	1.16765971	101325.613	101325.62	101325.611	101325.628	0.0106095872	0.0246923417	0	0	452.587	0	0	3
175	594	0	1.1743704	101325.614	101325.619	101325.611	101325.628	0.0106095872	0.0246923417	0	0	452.982	0	0	3
176	597	0	1.18108108	101325.614	101325.619	101325.611	101325.628	0.0106095872	0.0246923417	0	0	452.816	0	0	3
177	600	0	1.18779177	101325.614	101325.619	101325.611	101325.628	0.0106095872	0.0246923417	0	0	452.804	0	0	3
178	604	0	1.19450246	101325.614	101325.619	101325.611	101325.628	0.0106095872	0.0246923417	0	0	453.002	0	0	3
179	607	0	1.20121315	101325.615	101325.619	101325.611	101325.628	0.0106095872	0.0246923417	0	0	452.936	0	0	3
180	610	0	1.20792384	101325.614	101325.618	101325.611	101325.628	0.0106095872	0.0246923417	0	0	453.606	0	0	3
181	613	0	1.21463452	101325.614	101325.618	101325.611	101325.628	0.0106095872	0.0246923417	0	0	453.166	0	0	3
182	617	0	1.22134521	101325.615	101325.618	101325.611	101325.628	0.0106910007	0.0246923417	0	0	453.575	0	0	3
183	620	0	1.2280559	101325.615	101325.618	101325.611	101325.628	0.0108759068	0.0246923417	0	0	453.637	0	0	3
184	623	0	1.23476659	101325.615	101325.618	101325.611	101325.628	0.0110484393	0.0246923417	0	0	453.33	0	0	3
185	626	0	1.24147728	101325.615	101325.618	101325.611	101325.628	0.0112123578	0.0246923417	0	0	453.502	0	0	3
186	629	0	1.24818796	101325.615	101325.617	101325.611	101325.627	0.0113826837	0.0246923417	0	0	453.944	0	0	3
187	633	0	1.25489865	101325.615	101325.617	101325.611	101325.627	0.0115406791	0.0246923417	0	0	453.926	0	0	3
188	636	0	1.26160934	101325.616	101325.617	101325.611	101325.627	0.0116903648	0.0246923417	0	0	453.62	0	0	3
189	639	0	1.26832003	101325.615	101325.617	101325.611	101325.627	0.0118455574	0.0246923417	0	0	453.922	0	0	3
190	643	0	1.27503072	101325.616	101325.617	101325.611	101325.627	0.0119888221	0.0246923417	0	0	453.58	0	0	3
191	646	0	1.2817414	101325.616	101325.617	101325.611	101325.627	0.0121349284	0.0246923417	0	0	452.891	0	0	3
192	650	0	1.28845209	101325.616	101325.616	101325.611	101325.626	0.0122834366	0.0246923417	0	0	453.339	0	0	3
193	654	0	1.29516278	101325.616	101325.616	101325.611	101325.626	0.0124190447	0.0246923417	0	0	453.512	0	0	3
194	657	0	1.30187347	101325.616	101325.616	101325.611	101325.626	0.0125514974	0.0246923417	0	0	453.225	0	0	3
195	660	0	1.30858416	101325.616	101325.616	101325.611	101325.626	0.0126878277	0.0246923417	0	0	453.158	0	0	3
196	664	0	1.31529484	101325.616	101325.616	101325.611	101325.626	0.0128068204	0.0246923417	0	0	453.059	0	0	3
197	667	0	1.32200553	101325.617	101325.616	101325.611	101325.625	0.0129254977	0.0246923417	0	0	453.426	0	0	3
198	670	0	1.32871622	101325.616	101325.616	101325.611	101325.625	0.0130449675	0.0246923417	0	0	453.847	0	0	3
199	673	0	1.33542691	101325.617	101325.616	101325.611	101325.625	0.0131607814	0.0246923417	0	0	453.928	0	0	3
200	676	0	1.3421376	101325.617	101325.615	101325.611	101325.624	0.0132678879	0.0246923417	0	0	453.811	0	0	3
201	682	0	1.34884828	101325.617	101325.615	101325.611	101325.624	0.0125945736	0.0246923417	0	0	454.451	0	0	3
202	685	0	1.35555897	101325.617	101325.615	101325.611	101325.624	0.0125229542	0.0246923417	0	0	453.749	0	0	3
203	688	0	1.36226966	101325.617	101325.615	101325.611	101325.623	0.0117614606	0.0246923417	0	0	453.715	0	0	3
204	692	0	1.36898035	101325.617	101325.615	101325.611	101325.622	0.0113268956	0.0246923417	0	0	454.151	0	0	3
205	696	0	1.37569104	101325.617	101325.615	101325.611	101325.622	0.0113268956	0.0246923417	0	0	454.364	0	0	3
206	700	0	1.38240172	101325.617	101325.615	101325.611	101325.622	0.0110870598	0.0246923417	0	0	454.116	0	0	3
207	704	0	1.38911241	101325.617	101325.615	101325.611	101325.62	0.00942959296	0.0246923417	0	0	454.116	0	0	3
208	707	0	1.3958231	101325.617	101325.615	101325.611	101325.62	0.00942959296	0.0246923417	0	0	454.245	0	0	3
